#_LEVEL1
7,7,0,-1,1,1
9,8,0,-1,2,-1
9,8,4,4,2,-1
10,5,5,-1,-1,-1
10,-1,-1,-1,-1,3
11,11,6,6,-1,3
#_GOAL1
5,2
#_ANSWER1
(2,5)> | (3,3)^ | (4,2)^ | (1,3)> | (1,1)^ | (2,2)< | (2,1)< | (3,5)v | (4,3)< | (4,5)∨ | (5,6)< | (5,5)< | (6,3)^ | (4,2)^ | (2,3)>
#_LEVEL2
1,-1,2,2,-1,3
1,-1,4,5,5,3
6,6,4,12,12,-1
-1,7,-1,0,8,8
-1,7,9,0,10,-1
-1,-1,9,-1,10,-1
#_GOAL2
5,3
#_ANSWER2
(1,3)^ | (2,3)< | (4,2)> | (1,3)^ | (1,1)> | (3,2)v | (1,3)> | (2,4)v | (3,3)< | (3,4)< | (4,5)v | (5,5)< | (5,3)^ | (6,3)^ | (2,4)>
#_LEVEL3
1,-1,2,2,-1,3
1,-1,4,4,-1,3
5,5,6,0,7,7
-1,-1,6,0,-1,-1
-1,8,9,9,10,-1
-1,8,11,11,10,-1
#_GOAL3
5,3
#_ANSWER3
1,-1,2,2,-1,3
1,-1,4,5,5,3
6,6,4,0,-1,-1
-1,7,-1,0,8,8
-1,7,9,9,10,-1
-1,-1,11,11,10,-1
